13
42
66
71
87
149
164
171
198
280
319
364
367
372
424
434
480
501
603
607
664
683
687
715
783
872
879
908
913
922
960
964
983
999
1065
1069
1135
1182
1192
1225
1235
1243
1292
1344
1349
1393
1429
1492
1533
1534
1586
1610
1665
1739
1740
1785
1827
1886
1946
1952
1983
2066
2094
2096
2099
2102
2122
2257
2269
2278
2311
2366
2372
2423
2435
2455
2578
2598
2625
2672
2702
2799
2826
2874
2902
2923
3063
3078
3084
3287
3326
3337
3355
3418
3484
3493
3502
3522
3540
3553
3557
3595
3609
3731
3732
3744
3796
3836
3970
3975
4004
4030
4070
4115
4175
4196
4198
4253
4402
4541
4607
4677
4692
4769
4894
4915
4997
5019
5073
5117
5190
5191
5206
5251
5253
5274
5305
5339
5366
5394
5683
5724
5746
5782
5826
5835
5839
5937
5969
5971
6026
6053
6086
6098
6147
6156
6208
6275
6347
6359
6361
6561
6673
6696
6755
6764
6820
6863
6865
6897
6964
7011
7062
7102
7141
7154
7251
7253
7525
7536
7597
7622
7629
7668
7730
7731
7747
7805
7854
7886
7937
7939
7961
8020
8021
8040
8041
8055
8068
8103
8105
8202
8358
8370
8381
8410
8415
8419
8489
8499
8599
8645
8664
8706
8949
9082
9098
9182
9218
9284
9286
9304
9510
9537
9548
9576
9636
9689
9775
9787
9879
9910
10031
10191
10202
10267
10331
10392
10412
10423
10493
10500
10519
10525
10544
10570
10602
10701
10708
10781
10785
10792
10836
10873
10939
11073
11082
11177
11302
11308
11367
11373
11461
11635
11685
11726
11752
11808
11840
11845
11849
11921
11976
12009
12041
12044
12220
12225
12256
12375
12415
12421
12446
12541
12550
12628
12649
12736
12879
12937
12943
13020
13052
13091
13105
13115
13161
13167
13200
13203
13260
13261
13380
13432
13466
13468
13480
13487
13536
13588
13601
13629
13659
13707
13733
13760
13791
13806
13837
13839
13840
13976
14073
14131
14156
14180
14252
14350
14368
14400
14460
14483
14517
14521
14530
14632
14660
14757
14913
14917
14919
15166
15167
15239
15257
15405
15489
15500
15566
15671
15733
15736
15856
15862
15870
15889
15973
16029
16072
16073
16090
16091
16180
16293
16496
16538
16620
16625
16668
16738
16802
16853
16885
16972
17031
17106
17159
17219
17220
17341
17349
17381
17391
17437
17481
17496
17598
17643
17712
17725
17782
17869
17922
17986
18133
18151
18187
18217
18314
18352
18402
18460
18466
18576
18642
18730
18745
18786
18795
18843
18924
18943
18957
18961
18970
19167
19283
19397
19409
19432
19591
19693
19694
19741
19768
19865
19894
19951
19960
200026
200174
200195
200303
200392
200440
200443
200562
200606
200634
200743
200766
200787
200964
201041
201206
201261
201297
201372
201407
201438
201534
201772
201821
201865
201919
201970
201979
201997
202043
202071
202220
202333
202338
202367
202581
202609
202620
202627
202715
202763
202788
202842
202953
202975
202990
203115
203249
203359
203414
203437
203444
203509
203545
203554
203683
203749
203766
203849
203957
203992
204016
204194
204212
204263
204450
204578
204613
204653
204787
204826
204929
204936
205017
205141
205150
205179
205190
205219
205303
205317
205424
205475
205660
205664
205741
205800
205896
205977
206003
206066
206083
206153
206229
206235
206270
206409
206447
206756
206845
206859
206895
206930
206940
207043
207253
207259
207301
207315
207325
207421
207480
207544
207552
207621
207778
207809
207842
208025
208045
208118
208245
208286
208294
208335
208384
208403
208427
208439
208651
208689
208766
208769
208804
208853
208911
209062
209093
209110
209239
209478
209480
209487
209539
209547
209616
209639
209718
209743
209751
209780
209826
209848
209883
209884
209930
209931
210007
210052
210194
210247
210248
210266
210533
210534
210551
210633
210701
210777
210780
210784
210953
211037
211040
211047
211055
211082
211097
211214
211224
211343
211353
211389
211528
211757
211953
211969
211989
212014
212021
212125
212195
212197
212209
212225
212309
212322
212325
212372
212407
212413
212520
212632
212694
212714
212733
212783
212912
212975
213086
213125
213181
213326
213346
213389
213432
213496
213560
213570
213584
213587
213686
213691
213693
213708
213743
213763
213873
214010
214133
214203
214243
214290
214330
214337
214362
214370
214516
214534
214542
214621
214720
214825
214836
214972
215027
215053
215314
215328
215531
215574
215577
215598
215600
215635
215711
215766
215788
215891
215917
215960
215973
216027
216151
216200
216335
216392
216516
216585
216621
216772
216871
216884
217065
217148
217159
217288
217326
217333
217455
217555
217614
217717
217855
217868
217968
218003
218034
218043
218282
218426
218525
218547
218601
218638
218692
218762
218836
218840
218852
218928
219050
219092
219211
219498
219589
219661
219681
219768
219826
219898
219941
220011
220031
220107
220124
220141
220223
220231
220343
220417
220432
220458
220466
220483
220537
220576
220608
220618
220709
220766
220913
220981
221067
221143
221150
221181
221195
221223
221334
221403
221422
221493
221532
221603
221612
221643
221687
221983
222006
222086
222267
222334
222405
222483
222494
222526
222543
222563
222636
222660
222765
222781
222800
222808
222855
223018
223047
223081
223206
223256
223353
223368
223430
223431
223487
223556
223567
223737
223810
223815
223868
224060
224062
224071
224109
224183
224189
224200
224222
224301
224315
224348
224461
224729
224747
225099
225263
225335
225377
225474
225479
225505
225615
225640
225648
225900
225984
226134
226168
226195
226251
226329
226509
226515
226561
226563
226606
226690
226695
226788
226869
226902
226960
227021
227164
227288
227702
227718
227776
227832
227862
227873
228002
228099
228202
228248
228263
228457
228483
228485
228489
228611
228639
228842
229045
229097
229107
229132
229169
229218
229258
229307
229408
229775
229780
229795
229923
229960
229999
230051
230219
230422
230429
230461
230471
230478
230528
230928
231014
231056
231104
231135
231175
231353
231433
231520
231593
231672
231863
231972
232004
232012
232086
232191
232229
232314
232342
232426
232459
232502
232515
232529
232569
232593
232796
232882
232902
232959
233018
233050
233053
233315
233355
233361
233378
233386
233411
233616
233933
234021
234098
234143
234164
234218
234226
234267
234362
234410
234411
234474
234700
234714
234762
234823
234862
234911
234996
234999
235006
235067
235098
235157
235237
235326
235473
235577
235669
235710
235740
235742
235754
235864
235889
235974
236093
236109
236189
236242
236267
236318
236436
236473
236575
236620
236668
236835
236868
236910
237040
237067
237106
237163
237221
237241
237493
237762
238073
238078
238120
238256
238270
238301
238398
238462
238472
238491
238498
238586
238590
238816
238890
238908
238917
238919
238934
239083
239123
239178
239250
239322
239688
239821
239828
239829
239872
239879
239904
239976
240067
240146
240156
240248
240329
240386
240429
240534
240694
240721
240850
240869
240876
240888
241110
241156
241206
241257
241283
241521
241565
241598
241943
241970
241993
242068
242077
242120
242130
242145
242356
242376
242408
242464
242513
242657
242836
242928
243023
243104
243175
243255
243338
243353
243432
243591
243632
243657
243671
243753
243779
243834
243843
243854
243981
244074
244081
244106
244119
244180
244204
244297
244347
244509
244513
244517
244720
244830
245034
245056
245065
245072
245100
245115
245146
245149
245171
245256
245322
245488
245525
245540
245552
245567
245607
245617
245673
245699
245704
245732
245815
245818
245851
245853
245893
245911
246031
246090
246114
246141
246238
246247
246248
246307
246318
246352
246360
246409
246490
246533
246566
246732
246758
246802
246899
246957
247001
247131
247203
247481
247528
247721
247724
247733
247765
247797
247806
247883
247965
248010
248109
248200
248242
248305
248349
248463
248510
248557
248649
248846
248847
248861
248974
249111
249184
249199
249227
249416
249466
249553
249818
249820
249853
249993
250052
250069
250115
250242
250348
250608
250621
250764
250844
250907
250908
250985
251128
251193
251229
251344
251408
251424
251428
251526
251621
251796
251851
252025
252068
252173
252256
252260
252287
252420
252475
252496
252516
252546
252612
252615
252688
252821
252824
252884
252939
252966
252975
253003
253117
253142
253177
253220
253243
253292
253306
253347
253362
253419
253501
253603
253615
253759
253848
253888
253956
254046
254059
254116
254298
254307
254645
254669
254688
254727
254793
254805
254819
254835
255047
255054
255065
255143
255177
255220
255248
255325
255416
255442
255483
255744
255769
255791
255881
256006
256014
256056
256060
256064
256068
256112
256114
256121
256202
256221
256229
256379
256668
256854
256883
256907
256911
256914
256976
257192
257207
257221
257275
257337
257367
257370
257409
257417
257581
257611
257626
257670
257674
257791
257833
257844
257867
257993
258038
258124
258139
258217
258301
258401
258542
258566
258627
258946
258999
259080
259142
259163
259174
259283
259481
259578
259675
259678
259698
259754
259882
259953
259995
260019
260024
260072
260089
260136
260163
260239
260240
260243
260253
260290
260295
260436
260481
260485
260582
260605
260629
260677
260731
260732
260755
260834
260855
260956
260976
261002
261113
261137
261162
261189
261305
261385
261417
261428
261492
261498
261596
261650
261781
261805
261810
261856
261878
261885
261947
262042
262096
262122
262191
262246
262274
262283
262302
262430
262547
262559
262595
262866
263051
263104
263371
263396
263420
263442
263569
263576
263577
263608
263646
263654
263659
263743
263831
263865
263964
263975
264011
264031
264132
264248
264252
264289
264344
264534
264632
264680
264712
264998
265076
265093
265105
265127
265320
265368
265432
265433
265599
265667
265834
265855
265864
265879
265948
266256
266297
266320
266370
266409
266534
266540
266700
266705
266719
266735
266763
266818
266842
266843
266848
266979
266995
267111
267220
267255
267270
267297
267305
267313
267359
267392
267641
267747
267762
267879
267889
267973
267982
268058
268263
268314
268335
268361
268595
268637
268701
268743
268849
268876
268895
268916
269027
269169
269221
269239
269255
269273
269290
269314
269321
269453
269489
269571
269610
269704
269787
269855
270183
270227
270247
270285
270294
270348
270361
270446
270471
270542
270590
270605
270666
270679
270764
270965
271004
271005
271006
271039
271045
271204
271222
271228
271378
271399
271548
271561
271638
271664
271669
271723
271739
271795
271853
271916
272003
272159
272161
272183
272193
272215
272227
272336
272386
272413
272451
272473
272522
272544
272570
272584
272631
272690
272769
272774
272785
272814
272829
272880
272887
272916
272939
273014
273081
273205
273349
273350
273418
273622
273729
273826
273904
274110
274116
274225
274295
274332
274354
274382
274461
274464
274491
274517
274540
274710
274844
274872
274890
274979
275021
275128
275427
275498
275515
275525
275553
275643
275817
275823
275948
276153
276202
276204
276238
276371
276382
276435
276543
276593
276595
276605
276655
276697
276720
276733
276739
276824
276841
276860
276871
277043
277084
277097
277213
277225
277251
277275
277336
277347
277609
277649
277710
277768
277782
277929
278024
278111
278259
278298
278316
278487
278528
278591
278636
278642
278879
279000
279038
279044
279095
279105
279215
279240
279290
279349
279644
279654
279823
279840
280045
280096
280121
280126
280303
280395
280491
280515
280521
280570
280655
280671
280696
280697
280732
280785
280899
280901
280977
280978
281011
281039
281134
281186
281262
281305
281345
281407
281559
281616
281655
281785
281809
281897
282008
282040
282101
282185
282229
282231
282323
282373
282408
282521
282551
282590
282660
282663
282844
282959
283043
283048
283107
283141
283212
283480
283485
283544
283596
283766
283788
283879
284016
284066
284068
284080
284083
284137
284141
284186
284192
284253
284277
284296
284413
284418
284480
284522
284725
284737
285032
285125
285176
285302
285384
285436
285576
285627
285769
285988
286007
286082
286110
286240
286268
286513
286710
286718
286781
286848
286898
286948
286959
287271
287312
287442
287537
287650
287878
287887
287900
287950
287960
287966
288089
288113
288132
288223
288290
288310
288311
288422
288437
288447
288550
288672
288687
288774
288949
288952
288965
289007
289093
289245
289253
289267
289426
289498
289537
289563
289834
289994
290020
290053
290071
290075
290132
290154
290161
290168
290210
290256
290305
290319
290413
290475
290513
290576
290590
290600
290654
290746
290796
290843
290876
290883
290932
291081
291103
291123
291186
291212
291236
291279
291330
291484
291519
291586
291611
291632
291752
291761
291804
291949
291974
292049
292109
292177
292224
292312
292366
292474
292515
292583
292616
292680
292865
292936
292948
292949
293019
293033
293203
293307
293362
293531
293580
293670
293750
293776
293793
293819
293847
293866
293907
293933
293995
294264
294481
294552
294567
294630
294642
294692
294756
294772
294839
294846
294886
294984
294990
295068
295110
295128
295271
295278
295512
295518
295524
295562
295649
295679
295693
295754
295756
295923
295955
296007
296335
296480
296973
297016
297188
297198
297249
297337
297455
297459
297582
297611
297681
297695
297828
297840
297913
297919
298063
298106
298121
298122
298215
298280
298392
298488
298644
298708
298727
298785
298811
298925
299008
299238
299270
299296
299419
299530
299557
299576
299583
299814
299815
299868
299931
299988
300077
300183
300209
300229
300247
300320
300383
300389
300586
300589
300612
300642
300829
300907
301017
301073
301086
301139
301253
301375
301416
301599
301859
301890
301897
301961
302073
302074
302270
302288
302302
302455
302589
302603
302683
302714
302736
302739
302740
302815
302918
303030
303058
303127
303215
303327
303451
303456
303532
303556
303686
303758
303815
303858
304001
304044
304076
304109
304154
304220
304225
304383
304428
304641
304735
304905
304988
305070
305351
305434
305442
305475
305479
305569
305642
305648
305852
305880
305902
305943
305998
306072
306212
306332
306355
306394
306411
306418
306424
306491
306836
306950
307108
307110
307126
307188
307488
307506
307520
307537
307541
307565
307635
307680
307732
307740
307743
307788
307862
307863
307896
307898
308010
308109
308221
308304
308316
308406
308498
308669
308703
308711
308752
308863
308913
309011
309035
309050
309125
309139
309151
309161
309165
309207
309235
309369
309374
309385
309425
309479
309499
309532
309608
309609
309653
309773
309847
309883
309968
310049
310061
310109
310203
310212
310285
310368
310396
310421
310435
310439
310440
310568
310651
310654
310657
310738
310830
310956
311067
311085
311129
311134
311199
311230
311350
311379
311383
311589
311609
311647
311728
311894
311978
312090
312170
312316
312330
312416
312610
312738
312758
312895
312940
312941
312955
313217
313277
313281
313285
313348
313383
313414
313434
313591
313594
313684
314069
314130
314271
314356
314520
314537
314563
314693
314867
314873
314902
314908
315106
315232
315235
315250
315254
315262
315361
315405
315418
315644
315715
315797
315837
315857
315882
315918
315961
316077
316162
316319
316346
316363
316399
316562
316595
316691
316706
316707
316736
316750
316853
316929
317073
317117
317278
317319
317571
317684
317765
317789
317931
318038
318079
318233
318392
318413
318428
318582
318589
318599
319090
319280
319299
319396
319491
319552
319684
319731
319821
319863
319986
320019
320032
320149
320183
320290
320315
320328
320360
320404
320569
320610
320716
320778
321030
321042
321072
321249
321290
321387
321470
321502
321526
321563
321611
321658
321720
321793
321856
321884
321991
322085
322099
322124
322178
322183
322214
322225
322242
322279
322316
322346
322436
322566
322672
322706
322784
322844
322862
323007
323043
323275
323513
323529
323581
323598
323613
323802
323971
324007
324062
324097
324103
324193
324264
324363
324594
324613
324732
324821
324854
324965
325013
325034
325127
325180
325339
325368
325490
325510
325559
325568
325619
325682
325715
325812
325849
325878
325893
325966
326021
326192
326260
326401
326476
326580
326664
326746
326806
326852
326865
326880
326902
326904
327065
327208
327231
327281
327368
327444
327461
327529
327678
327842
327938
327991
328011
328046
328139
328182
328321
328332
328340
328376
328455
328460
328483
328683
328832
328854
328889
328901
328971
329064
329078
329082
329116
329117
329122
329128
329377
329453
329488
329536
329539
329647
329844
330010
330016
330027
330106
330236
330283
330342
330346
330469
330478
330648
330715
330732
330769
330831
330982
331131
331142
331145
331185
331191
331195
331347
331389
331482
331612
331628
331669
331851
331890
331900
331957
332002
332077
332123
332199
332223
332268
332420
332659
332683
332700
332910
333015
333032
333055
333105
333119
333140
333159
333211
333263
333347
333356
333554
333687
333759
333802
334050
334096
334122
334127
334263
334325
334344
334346
334411
334442
334510
334548
334641
334714
334790
334797
334848
334885
334961
334977
335158
335347
335375
335378
335462
335468
335546
335574
335673
335820
335864
335902
335972
336062
336102
336232
336264
336486
336610
336696
336743
336797
336812
336899
337072
337102
337252
337259
337355
337381
337388
337440
337486
337825
337946
338119
338173
338179
338194
338242
338541
338594
338608
338723
338790
339009
339015
339084
339093
339112
339157
339388
339481
339569
339584
339722
339768
340107
340174
340211
340242
340363
340394
340455
340578
340693
340726
340751
340834
340928
341047
341164
341244
341246
341306
341310
341385
341408
341611
341660
341687
341700
341752
341778
341878
341968
342108
342133
342181
342209
342227
342290
342387
342397
342502
342575
342648
342719
342818
342826
342847
342912
342920
343147
343202
343310
343358
343406
343419
343449
343451
343457
343534
343947
343955
343959
343974
344090
344230
344237
344256
344267
344284
344325
344330
344407
344628
344653
344656
344732
344894
344944
345043
345186
345208
345327
345336
345344
345431
345456
345515
345620
345702
345705
345838
346070
346139
346154
346288
346328
346341
346446
346504
346567
346623
346644
346673
346712
346715
347008
347033
347074
347133
347187
347239
347258
347292
347327
347330
347400
347513
347652
347694
347699
347719
347741
347770
347781
347819
347864
347984
348005
348196
348203
348309
348462
348507
348695
348791
349267
349270
349633
349639
349722
349917
349949
349964
350141
350245
350250
350346
350566
350567
350570
350679
350712
350872
350920
350924
350993
351136
351195
351353
351430
351573
351607
351611
351749
351848
351882
351929
351941
351948
351974
351997
352012
352061
352078
352265
352433
352454
352572
352591
352615
352623
352707
352751
352821
352905
352983
353157
353184
353305
353434
353538
353684
353697
353769
353776
353821
353868
353999
354005
354041
354072
354139
354220
354319
354392
354405
354502
354524
354633
354718
354721
354979
355076
355109
355121
355279
355330
355393
355530
355551
355568
355692
355871
356122
356170
356284
356373
356424
356693
356694
356743
356895
356980
357036
357050
357051
357194
357324
357460
357495
357596
357623
357647
357698
357731
357856
357919
358114
358197
358206
358226
358244
358298
358366
358390
358397
358401
358444
358520
358547
358667
358673
358762
358863
358879
358937
359071
359122
359126
359272
359299
359451
359509
359714
359730
359758
359761
359811
359824
359869
359909
359956
359997
360091
360139
360226
360228
360256
360294
360343
360366
360580
360594
360631
360638
360650
360692
360729
360867
360877
361150
361178
361353
361554
361571
361824
361848
361924
361957
362068
362131
362143
362232
362241
362292
362304
362364
362413
362567
362580
362689
362693
362721
362725
362741
362790
362794
363046
363060
363186
363234
363335
363404
363431
364002
364037
364167
364230
364376
364603
364669
364779
364790
364831
364926
364972
365013
365045
365147
365249
365418
365497
365623
365657
365712
365754
365763
365813
366041
366159
366176
366232
366240
366284
366330
366346
366378
366450
366543
366547
366557
366574
366667
366687
366830
366834
366988
367068
367091
367106
367167
367178
367268
367326
367468
367476
367592
367671
367744
367776
367791
367808
367895
367966
368042
368202
368276
368334
368349
368842
368918
368944
368957
368975
369062
369187
369207
369347
369385
369388
369426
369640
369710
369803
370187
370280
370285
370395
370474
370511
370553
370651
370885
370910
370950
370965
370970
371192
371282
371299
371363
371440
371447
371504
371541
371631
371696
371707
371710
371730
371786
371974
372152
372230
372307
372378
372394
372429
372541
372597
372838
372914
372917
372944
373023
373191
373196
373220
373249
373269
373285
373294
373305
373448
373478
373560
373612
373624
373659
373746
373843
373916
373945
374011
374129
374165
374177
374194
374207
374216
374253
374276
374302
374340
374362
374479
374482
374609
374641
374772
375222
375325
375330
375369
375416
375527
375668
375685
375813
375851
375854
375897
376052
376175
376241
376283
376293
376320
376410
376517
376593
376624
376648
376724
376757
376770
376833
376927
377045
377077
377090
377158
377184
377192
377259
377312
377352
377406
377483
377519
377550
377618
377680
377688
377726
377733
377738
377915
378019
378089
378105
378137
378291
378320
378375
378539
378547
378724
378771
378866
378883
378933
379055
379227
379228
379285
379301
379317
379324
379491
379652
379768
379786
379816
379960
379986
380082
380104
380111
380198
380257
380293
380295
380316
380367
380520
380682
381011
381046
381146
381236
381271
381285
381311
381521
381529
381574
381581
381629
381798
381944
381946
382034
382106
382299
382336
382415
382416
382426
382446
382464
382624
382892
382899
383030
383126
383190
383201
383278
383290
383355
383411
383625
383634
383663
383795
383796
384072
384165
384192
384545
384596
384618
384638
384797
384886
385029
385057
385185
385205
385239
385393
385642
385687
385704
385808
385836
385843
385850
385852
385879
385930
385987
386001
386008
386059
386071
386126
386145
386180
386245
386291
386440
386458
386500
386549
386674
386687
386718
386864
386944
386979
387035
387066
387133
387137
387152
387212
387338
387387
387547
387569
387604
387631
387668
387711
387717
387788
387947
387963
387979
388103
388161
388227
388283
388290
388390
388415
388677
388712
388753
388754
388817
388910
388954
389249
389353
389573
389638
389643
389656
389705
389712
389769
389776
389777
389781
389860
389904
389944
389967
390039
390119
390173
390272
390356
390466
390497
390650
390658
390689
390725
390974
390981
391005
391037
391043
391094
391170
391196
391283
391361
391370
391455
391477
391487
391590
391607
391661
391687
391707
391795
391883
391949
391956
391984
392068
392099
392119
392134
392155
392157
392261
392274
392282
392352
392358
392529
392552
392578
392587
392609
392639
392679
392769
392892
392992
393040
393212
393230
393296
393314
393339
393389
393446
393499
393622
393662
393903
394110
394111
394166
394194
394199
394213
394257
394342
394388
394421
394609
394636
394666
394668
394699
394739
394771
394806
394875
394959
395003
395009
395010
395016
395149
395177
395245
395265
395267
395330
395469
395526
395601
395719
395858
395869
395878
395981
396037
396070
396096
396116
396181
396189
396256
396276
396307
396344
396375
396395
396432
396446
396572
396576
396585
396670
396819
397093
397097
397122
397189
397220
397250
397307
397336
397338
397370
397375
397405
397415
397731
397754
397759
397820
397847
397948
398031
398038
398074
398120
398425
398436
398511
398537
398550
398552
398643
398709
398850
398871
398891
398945
398955
398958
399075
399105
399108
399128
399264
399326
399342
399349
399356
399380
399429
399477
399547
399719
399797
399822
399829
399830
399872
399933
400114
400196
400276
400341
400358
400406
400424
400472
400606
400680
400821
400993
401254
401294
401579
401592
401667
401821
401822
401862
401935
401949
401958
401988
402215
402301
402377
402384
402461
402670
402674
402739
402795
402891
402918
402989
403027
403123
403136
403172
403261
403268
403276
403306
403332
403539
403578
403812
403845
403849
403873
404008
404016
404144
404158
404243
404244
404304
404325
404412
404421
404429
404460
404504
404632
404697
404801
404992
405027
405150
405215
405225
405316
405367
405374
405429
405450
405457
405526
405637
405647
405692
405714
405746
405763
405816
405907
405998
406048
406050
406422
406447
406460
406519
406614
406672
406868
407066
407085
407188
407221
407226
407252
407265
407280
407285
407291
407327
407443
407500
407630
407637
407738
407759
407767
407826
407842
407865
407911
408128
408133
408145
408182
408201
408273
408300
408303
408321
408406
408476
408503
408531
408583
408634
408704
408803
408813
408823
408828
408833
408999
409199
409379
409388
409413
409419
409482
409531
409805
409832
409903
409912
409990
410423
410427
410447
410473
410491
410557
410558
410586
410704
410729
410789
410834
410841
410909
410910
410933
410978
411032
411122
411146
411259
411386
411461
411544
411686
411764
411836
411855
411875
411894
411896
411916
412092
412261
412311
412558
412560
412573
412577
412619
412652
412665
412678
412692
412757
412773
412785
412811
412838
412845
412934
412952
412956
413227
413260
413267
413359
413445
413451
413470
413639
413674
413700
413748
413902
413903
413926
413960
413992
414158
414320
414396
414400
414443
414601
414720
414799
414826
414857
414910
415127
415141
415176
415327
415356
415472
415487
415589
415600
415730
415777
415878
415991
416070
416170
416235
416266
416277
416452
416469
416583
416664
416690
416696
416720
416727
416742
416837
416879
416882
416947
416963
417020
417038
417073
417287
417307
417421
417444
417453
417507
417711
417743
417764
417788
417811
417839
417858
417859
417912
418005
418017
418134
418162
418213
418228
418381
418399
418402
418832
418867
419008
419120
419126
419181
419216
419229
419243
419252
419254
419257
419394
419402
419428
419436
419456
419458
419483
419511
419570
419626
419771
419863
419946
419972
420006
420014
420058
420059
420103
420292
420344
420389
420433
420552
420560
420652
420773
420864
420889
420929
420962
420991
421045
421054
421075
421077
421100
421111
421369
421399
421498
421556
421852
421887
422187
422224
422267
422363
422472
422658
422701
422707
422724
422759
422957
423021
423051
423158
423209
423253
423422
423478
423496
423590
423622
423626
423727
423758
423804
423882
423908
423994
424062
424342
424346
424421
424437
424479
424554
424673
424700
425104
425110
425142
425316
425343
425445
425553
425632
425667
425767
425773
425995
426043
426097
426186
426227
426234
426247
426258
426369
426400
426534
426585
426687
426756
426835
426895
427021
427203
427241
427289
427312
427507
427644
427665
427818
427830
427880
427891
427956
427986
428067
428124
428142
428176
428269
428275
428294
428318
428426
428489
428574
428723
428725
428810
428884
428916
428973
428988
429028
429064
429067
429070
429132
429151
429181
429216
429236
429362
429632
429700
429768
429844
429891
430036
430180
430211
430346
430347
430372
430409
430572
430764
430829
431065
431098
431172
431173
431182
431323
431436
431459
431556
431637
431773
431844
431992
432000
432037
432082
432093
432148
432150
432260
432281
432306
432316
432338
432371
432427
432625
432727
432736
432758
432803
432809
432842
432869
432879
432909
432974
433024
433441
433502
433660
433666
433679
433701
433737
433929
433965
434014
434045
434070
434127
434143
434211
434243
434380
434410
434530
434592
434792
434810
434910
434968
434974
435019
435111
435122
435211
435277
435295
435343
435361
435560
435584
435771
435852
436036
436075
436076
436207
436252
436253
436304
436525
436774
436800
436906
437018
437039
437048
437083
437214
437258
437297
437338
437397
437401
437404
437405
437454
437522
437549
437814
437818
437858
438063
438341
438359
438365
438415
438493
438617
438740
438921
438932
439139
439170
439182
439222
439281
439394
439462
439607
439657
439854
439964
439989
440037
440060
440116
440200
440340
440375
440665
440703
440728
440858
440873
440906
440957
441059
441151
441275
441280
441304
441444
441462
441503
441566
441853
441925
441937
442103
442187
442282
442394
442437
442472
442480
442569
442578
442693
442733
442754
442755
442781
442948
442975
443023
443109
443139
443148
443235
443271
443331
443374
443469
443492
443525
443624
443637
443678
443737
443909
444044
444074
444099
444135
444240
444258
444415
444472
444526
444537
444539
444615
444750
444835
444879
444889
444911
445381
445417
445420
445484
445489
445509
445600
445818
446008
446092
446122
446253
446300
446466
446507
446541
446572
446589
446601
446685
446714
446777
446778
446888
446963
446984
447022
447058
447089
447103
447163
447178
447253
447451
447453
447521
447639
447747
447782
447809
447866
447869
447905
447923
447931
448087
448259
448313
448331
448345
448353
448357
448387
448411
448417
448431
448460
448666
448737
448762
448788
448887
448955
448988
449156
449339
449370
449403
449456
449501
449562
449584
449608
449665
449730
449751
449807
449816
450001
450007
450056
450063
450080
450416
450457
450488
450505
450534
450537
450652
450678
450699
450794
450814
450847
450947
450984
451150
451242
451258
451350
451402
451420
451452
451466
451555
451602
451607
451639
451774
451827
451885
451888
452102
452137
452142
452158
452165
452268
452354
452355
452509
452520
452725
452813
452942
452945
452964
453016
453029
453064
453244
453311
453322
453508
453566
453638
453694
453819
453827
453920
454118
454185
454234
454269
454292
454294
454396
454416
454429
454457
454492
454547
454580
454643
454658
454665
454732
454743
455006
455116
455163
455188
455292
455376
455469
455578
455580
455683
455727
455804
455806
455807
455935
455943
456074
456198
456251
456283
456331
456372
456426
456480
456513
456578
456690
456697
456725
456803
457027
457074
457099
457212
457282
457599
457656
457699
457746
457768
457773
457878
458101
458134
458148
458336
458344
458346
458352
458453
458525
458527
458573
458584
458586
458693
458797
458972
458983
458986
459094
459130
459193
459205
459386
459399
459416
459500
459525
459596
459741
459760
459841
459912
459973
460042
460110
460198
460202
460240
460243
460353
460365
460398
460402
460462
460505
460514
460583
460637
460665
460751
460774
460797
460843
460858
460882
461012
461019
461035
461038
461050
461057
461138
461204
461285
461463
461529
461540
461569
461599
461628
461689
461701
461707
461787
461790
461821
461939
462142
462441
462456
462458
462463
462515
462583
462598
462621
462825
462844
462885
462975
462991
463131
463182
463230
463242
463299
463333
463410
463489
463541
463673
463694
463823
463893
463908
463912
463959
463964
463997
464068
464080
464089
464094
464125
464149
464165
464227
464246
464329
464382
464578
464584
464617
464651
464730
464742
464873
465012
465049
465182
465265
465283
465337
465377
465446
465599
465625
465631
465776
465780
465784
465840
465888
465995
466043
466330
466382
466480
466537
466548
466611
466620
466722
466760
466766
466951
466952
466998
467003
467010
467169
467179
467287
467338
467366
467450
467558
467580
467634
467747
467880
467897
468052
468244
468418
468473
468590
468622
468630
468667
468816
468915
469113
469134
469211
469241
469359
469384
469413
469432
469575
469607
469666
469674
469772
469803
469809
469946
469994
470111
470366
470399
470432
470434
470443
470544
470552
470771
470837
470891
470950
470989
471008
471043
471125
471762
471781
471802
471818
471829
471840
471866
471870
471878
471886
472011
472059
472099
472160
472179
472193
472244
472319
472325
472417
472452
472461
472558
472562
472603
472978
473074
473140
473150
473154
473188
473398
473409
473476
473515
473564
473593
473823
473995
474101
474132
474152
474238
474304
474375
474401
474509
474589
474619
474711
474793
474805
474891
474934
475018
475100
475122
475229
475381
475396
475542
475728
475879
475930
476050
476060
476207
476253
476261
476288
476399
476465
476612
476656
476771
476794
476932
476986
477165
477211
477250
477313
477326
477338
477375
477443
477478
477498
477650
477751
477769
477779
477846
477956
478008
478324
478425
478427
478437
478550
478581
478730
478780
478810
478837
479080
479084
479126
479202
479223
479343
479364
479430
479479
479609
479614
479677
479798
479930
479970
480013
480048
480113
480148
480290
480401
480425
480457
480561
480641
480761
480832
480847
480962
481286
481317
481631
481635
481861
481866
481875
481900
481983
482026
482074
482148
482198
482244
482289
482294
482303
482441
482462
482596
482626
482687
482691
482711
482717
482726
482735
482830
482855
482912
482957
483077
483134
483214
483226
483236
483303
483311
483351
483414
483457
483542
483865
483917
484028
484099
484134
484182
484192
484328
484504
484508
484534
484678
484722
484740
484774
484850
484877
484878
484891
485035
485049
485084
485206
485351
485368
485407
485415
485506
485525
485676
485746
485819
485826
485859
485876
485903
486151
486155
486254
486428
486471
486497
486507
486584
486612
486650
486729
486748
486766
486817
486878
486919
486942
486954
487102
487115
487196
487259
487413
487533
487584
487603
487716
487777
487778
487861
487894
487901
488050
488129
488171
488229
488231
488245
488292
488337
488351
488392
488399
488461
488464
488568
488611
488817
488850
488883
488884
488958
489122
489269
489360
489388
489436
489630
489635
489831
489962
489986
490036
490079
490158
490186
490196
490231
490232
490279
490373
490451
490645
490756
490759
490834
490948
491037
491132
491222
491229
491262
491285
491333
491410
491413
491467
491484
491500
491510
491567
491570
491601
491627
491738
492003
492036
492096
492136
492151
492157
492272
492295
492363
492551
492691
492747
492748
492983
493113
493161
493172
493334
493429
493516
493555
493631
493714
493730
493809
493963
494063
494174
494225
494277
494294
494398
494448
494455
494636
494637
494718
494729
494743
494792
494835
494921
495109
495137
495172
495287
495309
495331
495347
495489
495512
495514
495545
495705
495730
495888
496049
496183
496593
496787
496829
496900
496962
497088
497145
497155
497215
497233
497252
497308
497337
497428
497534
497683
497705
497852
497913
497962
497972
498017
498029
498067
498094
498101
498156
498321
498344
498419
498534
498583
498590
498621
498675
498718
498754
498823
498895
498900
499215
499270
499300
499308
499489
499559
499826
500066
500115
500293
500328
500389
500393
500404
500446
500461
500572
500602
500679
500806
500813
500856
500885
500929
500976
501037
501054
501055
501109
501475
501598
501676
501803
501816
501874
501946
501960
502107
502124
502130
502159
502215
502359
502569
502659
502827
502894
502903
502970
503003
503016
503034
503042
503145
503183
503239
503240
503287
503413
503454
503591
503739
503780
503816
503837
503921
503966
503972
503973
504085
504351
504404
504589
504595
504642
504660
504758
504762
504766
504875
504929
504953
505109
505168
505244
505327
505333
505389
505408
505535
505564
505614
505694
505773
505791
505872
505943
505991
506057
506092
506112
506285
506414
506478
506490
506554
506734
506749
506800
506802
506847
506860
506862
506896
507099
507150
507200
507244
507408
507411
507424
507433
507539
507553
507644
507743
507844
507926
508058
508060
508155
508303
508330
508351
508376
508446
508674
508724
508745
508865
508978
509012
509019
509080
509083
509096
509149
509276
509353
509394
509436
509535
509598
509685
509688
509767
509773
509802
509855
509880
509955
510074
510173
510175
510281
510292
510377
510430
510481
510485
510486
510707
510763
510785
510789
510900
510921
510930
510996
511016
511037
511151
511154
511170
511176
511204
511205
511267
511278
511382
511457
511526
511590
511692
511766
511837
511868
511909
511940
512035
512069
512151
512296
512388
512409
512430
512437
512521
512833
512848
512849
512901
512977
513079
513284
513297
513337
513358
513410
513443
513568
513758
513780
513813
513973
514071
514266
514315
514328
514412
514564
514708
514738
514900
514941
515010
515048
515199
515343
515344
515472
515498
515732
515761
515765
515801
515995
516240
516383
516558
516561
516626
516679
516695
516765
516907
516990
517273
517320
517426
517427
517474
517493
517585
517588
517663
517697
517734
517878
517904
517907
518129
518285
518301
518328
518361
518371
518635
518664
518717
518784
518814
518819
518898
518966
518971
519171
519285
519370
519416
519536
519542
519584
519641
519678
519694
519787
519836
519863
520032
520069
520205
520219
520225
520329
520358
520433
520441
520452
520548
520667
520746
520769
520805
520989
521032
521125
521216
521351
521500
521531
521577
521608
521613
521712
521849
521853
521972
522011
522028
522047
522100
522154
522190
522269
522446
522448
522584
522651
522683
522733
522753
522845
522872
522918
522979
523101
523129
523324
523606
523656
523727
523831
523899
523932
524013
524032
524077
524128
524151
524204
524342
524377
524430
524488
524525
524584
524608
524613
524696
524697
524726
524772
524798
524809
524916
525091
525249
525315
525552
525567
525666
525701
525710
525853
525884
525895
525922
526039
526055
526079
526131
526208
526210
526267
526321
526383
526467
526504
526716
526787
526792
526836
526926
527108
527151
527369
527393
527501
527564
527670
527684
527755
527782
527842
528129
528207
528257
528393
528396
528419
528425
528892
529044
529047
529054
529152
529176
529278
529372
529427
529465
529522
529552
529610
529701
529754
529893
530003
530022
530208
530210
530238
530330
530339
530368
530473
530756
530768
530786
530796
530800
530902
530975
530992
531005
531037
531039
531206
531240
531271
531350
531362
531369
531377
531434
531446
531491
531592
531600
531680
531698
531717
531751
531906
531918
531919
531969
531998
532126
532152
532167
532198
532335
532345
532478
532605
532714
532972
532993
533006
533080
533138
533238
533250
533289
533295
533383
533435
533457
533476
533521
533573
533577
533600
533610
533820
533844
533916
534007
534057
534075
534104
534221
534283
534327
534355
534368
534427
534469
534516
534549
534565
534624
534720
534760
534765
534772
534938
534960
534990
535023
535151
535176
535215
535284
535331
535355
535379
535445
535587
535601
535762
535769
535791
535922
535953
536277
536499
536511
536554
536763
536794
536825
536847
537138
537192
537209
537297
537502
537507
537522
537880
537953
538006
538017
538055
538076
538107
538126
538156
538197
538225
538382
538519
538667
538711
538756
538811
538854
538871
538936
538988
539011
539235
539372
539394
539395
539464
539517
539628
539635
539654
539663
539792
539820
539876
539927
539931
539968
540046
540114
540242
540245
540336
540380
540518
540537
540588
540589
540633
540663
540894
540941
541031
541099
541147
541169
541269
541314
541439
541605
541626
541790
541791
541959
542043
542069
542072
542131
542181
542265
542408
542486
542523
542601
542608
542618
542660
542774
542798
542838
542950
542954
542956
542999
543072
543134
543160
543199
543226
543234
543330
543595
543718
543733
543883
543982
543997
544059
544070
544323
544329
544364
544375
544433
544439
544443
544496
544602
544736
544936
545052
545094
545123
545126
545166
545186
545239
545292
545322
545388
545454
545535
545543
545568
545689
545861
545907
545955
546101
546289
546316
546329
546366
546397
546430
546437
546445
546544
546570
546861
547019
547027
547084
547163
547246
547247
547268
547289
547320
547491
547681
547690
547713
547725
547813
547863
547950
548214
548246
548290
548314
548328
548525
548882
548892
548908
549071
549141
549251
549347
549384
549446
549476
549730
549844
549888
549921
550047
550077
550106
550116
550212
550329
550376
550379
550434
550508
550665
550669
550672
550700
550874
550968
551145
551215
551230
551245
551333
551393
551526
551648
551700
551740
551948
551983
552106
552156
552169
552355
552363
552378
552601
552693
552820
552974
553100
553117
553224
553309
553331
553497
553636
553638
553689
553895
553940
553971
554002
554092
554108
554232
554240
554332
554431
554442
554508
554611
554619
554647
554854
554914
555051
555183
555219
555287
555323
555444
555550
555564
555643
555849
555890
555901
555905
555930
555938
555956
555984
556000
556012
556028
556144
556234
556270
556300
556307
556319
556335
556391
556417
556622
556787
556806
556868
556894
557149
557151
557160
557201
557247
557293
557305
557400
557460
557581
557597
557726
557763
557949
558124
558169
558250
558251
558354
558373
558437
558462
558565
558662
558732
558868
558888
558945
559103
559120
559205
559262
559290
559333
559339
559433
559453
559471
559494
559789
559803
559884
560145
560168
560221
560668
560682
560711
560909
560983
561125
561176
561227
561249
561268
561304
561306
561510
561590
561591
561631
561642
561753
561754
561817
561926
561953
561969
561999
562019
562104
562120
562156
562157
562200
562414
562420
562440
562460
562482
562519
562564
562566
562638
562647
562702
562727
562859
562880
562936
562937
562977
563001
563018
563336
563356
563435
563598
563623
563711
563767
563976
564028
564053
564101
564138
564284
564341
564373
564472
564481
564504
564509
564682
564689
564703
564767
564776
564898
565043
565093
565122
565170
565190
565209
565307
565383
565602
565699
565736
565815
565830
565937
565965
566084
566121
566180
566224
566256
566271
566314
566333
566416
566425
566481
566502
566625
566782
566798
566813
566846
566919
567181
567245
567271
567375
567558
567596
567691
567695
567739
567773
567822
567955
568013
568029
568150
568179
568190
568259
568301
568430
568434
568458
568463
568467
568519
568552
568618
568622
568722
568936
568940
568943
568948
568953
568990
569036
569061
569084
569167
569266
569319
569405
569518
569554
569682
569747
569807
569870
569908
569988
569998
570000
570013
570018
570020
570083
570245
570284
570366
570467
570537
570707
570752
570826
571066
571170
571342
571413
571458
571572
571582
571702
571735
571747
571791
571826
571827
571884
571969
572092
572116
572220
572223
572262
572391
572433
572498
572544
572611
572809
572836
572897
572904
572971
573019
573156
573244
573288
573303
573330
573397
573414
573415
573473
573518
573543
573552
573570
573682
573772
573775
573783
573913
573967
573997
574089
574094
574188
574226
574265
574455
574462
574465
574472
574572
574601
574635
574647
574669
574688
574811
574832
574861
574933
574950
575165
575182
575207
575242
575284
575384
575386
575420
575462
575657
575705
575756
575866
576065
576072
576166
576184
576230
576410
576552
576560
576639
576910
576914
576920
577002
577010
577152
577170
577219
577378
577448
577470
577639
577775
577899
577922
578094
578123
578258
578478
578484
578610
578749
578767
578961
578985
578988
579023
579129
579263
579367
579421
579480
579626
579639
579641
579671
579705
579790
580278
580387
580464
580606
580686
580784
580791
580923
581158
581198
581287
581332
581591
581797
581865
581960
581993
581997
582012
582136
582243
582516
582580
582601
582847
583002
583122
583166
583168
583204
583207
583264
583305
583349
583549
583560
583643
583851
583856
583992
584020
584029
584082
584156
584240
584314
584337
584377
584391
584434
584459
584569
584648
584785
584907
584933
585064
585106
585169
585196
585210
585583
585606
585608
585819
585985
586007
586021
586199
586280
586325
586329
586350
586406
586490
586500
586618
586641
586643
586725
586749
586948
586970
587081
587091
587150
587176
587197
587276
587367
587391
587439
587451
587461
587522
587527
587810
587841
587914
587933
588075
588082
588159
588239
588246
588254
588259
588260
588384
588463
588472
588477
588627
588652
588663
588751
588860
588923
588957
588998
589031
589170
589202
589462
589481
589723
589770
589771
589963
589971
589984
589997
590090
590120
590132
590173
590249
590295
590331
590392
590446
590447
590493
590535
590587
590688
590701
590747
590755
590855
590932
590941
591224
591635
591740
591742
591819
591953
591956
592132
592144
592186
592192
592224
592249
592266
592294
592347
592524
592525
592536
592551
592692
592842
592906
592942
593034
593085
593177
593215
593293
593325
593374
593472
593510
593539
593555
593652
593680
593709
593757
593784
593800
593838
593891
593960
593965
593987
594045
594066
594431
594499
594522
594552
594627
594672
594846
594938
594946
595066
595103
595110
595224
595265
595421
595466
595468
595601
595684
595768
595770
595906
595915
596021
596113
596396
596524
596619
596681
596722
596790
596950
597058
597173
597189
597226
597256
597297
597316
597553
597653
597933
597945
598034
598044
598098
598112
598288
598361
598390
598494
598584
598649
598655
598776
598795
598803
598947
599061
599177
599207
599292
599329
599394
599399
599613
599783
599817
599902
599952
600110
600124
600190
600283
600299
600482
600541
600583
600697
600698
600702
600758
600810
600932
601092
601194
601201
601424
601587
601591
601650
601738
601774
601799
601901
601994
602228
602250
602437
602443
602508
602535
602625
602660
602715
602842
602869
602947
603104
603120
603151
603291
603360
603422
603463
603576
603765
603800
604015
604110
604118
604140
604155
604191
604200
604249
604272
604427
604431
604546
604609
604660
604674
604805
604930
604985
605053
605163
605183
605249
605425
605515
605577
605635
605690
605877
605905
606023
606098
606106
606110
606203
606238
606243
606256
606284
606288
606290
606296
606312
606346
606355
606511
606513
606573
606685
606811
606949
606957
607087
607223
607272
607278
607296
607324
607440
607493
607722
607813
607851
607896
607961
607967
607981
608015
608060
608129
608134
608148
608336
608457
608486
608500
608720
608755
608774
608808
608966
608974
608998
609160
609274
609381
609669
609688
609762
609788
609834
609872
609987
609992
610093
610106
610175
610291
610329
610423
610501
610528
610544
610587
610600
610683
610978
611009
611117
611146
611182
611339
611359
611384
611486
611505
611516
611585
611733
611883
611886
611963
611989
612102
612127
612591
612659
612775
612780
612861
612951
613056
613109
613145
613158
613165
613264
613422
613435
613487
613514
613533
613701
613742
613746
613779
613865
613992
614212
614315
614360
614457
614584
614587
614589
614642
614705
614719
614755
614932
615078
615147
615385
615398
615570
615577
615767
615990
616240
616247
616311
616316
616352
616394
616406
616739
616827
616856
616893
616982
617030
617066
617231
617303
617420
617466
617546
617810
617841
617887
617923
618009
618065
618094
618238
618537
618573
618627
618741
618794
618800
618900
618935
618952
618978
619081
619107
619206
619218
619231
619246
619261
619465
619828
619851
620156
620174
620283
620296
620340
620373
620435
620650
620862
620865
620900
620958
621089
621116
621222
621247
621399
621409
621422
621441
621469
621489
621511
621541
621596
621630
621648
621668
621815
621900
621911
621960
621978
622358
622483
622505
622529
622805
622818
622840
623010
623041
623053
623056
623079
623316
623390
623458
623509
623564
623565
623656
623671
623674
623768
623850
624015
624108
624407
624467
624510
624696
624714
624763
624928
625203
625258
625275
625367
625414
625428
625467
625496
625591
625660
625748
625801
625933
626069
626158
626161
626192
626360
626399
626430
626456
626604
626687
626713
626723
626853
626918
626934
626989
627181
627235
627262
627460
627523
627575
627581
627583
627586
627608
627753
627798
627879
627942
627985
628008
628139
628182
628217
628332
628364
628365
628393
628476
628579
628706
628865
628939
629130
629231
629365
629372
629409
629420
629620
629772
629794
629880
629882
629901
629918
629977
629992
630043
630175
630191
630219
630260
630376
630481
630483
630505
630803
630836
630849
630926
630983
631156
631197
631270
631404
631480
631507
631540
631665
631670
631678
631827
631940
632001
632109
632140
632156
632191
632210
632276
632325
632439
632462
632469
632512
632823
632870
632872
633084
633124
633211
633246
633275
633279
633327
633355
633433
633443
633462
633481
633493
633572
633598
633609
633612
633744
633796
633843
633901
634034
634041
634044
634204
634412
634455
634472
634533
634544
634651
634748
634756
634840
634877
634879
635027
635058
635111
635264
635301
635304
635438
635443
635538
635620
635662
635753
635847
635902
635990
636043
636061
636081
636107
636137
636222
636240
636254
636274
636302
636350
636365
636413
636453
636505
636506
636616
636628
636719
636763
636804
636856
636859
636935
637046
637081
637146
637164
637210
637212
637215
637347
637501
637504
637512
637544
637658
637800
637913
637950
637953
638009
638038
638067
638194
638339
638414
638529
638559
638737
638829
638853
638940
639015
639116
639149
639163
639209
639248
639299
639396
639401
639428
639582
639636
639682
639744
639814
639858
639872
640064
640130
640217
640265
640287
640290
640324
640348
640512
640533
640686
640750
640780
641121
641150
641182
641276
641300
641384
641418
641469
641564
641582
641591
641719
641752
641773
641793
641876
642013
642081
642091
642148
642268
642276
642353
642373
642418
642481
642574
642607
642612
642708
642731
642770
642827
642854
642920
642956
643019
643439
643458
643462
643559
643607
643639
643770
643847
643879
644027
644055
644074
644220
644348
644449
644459
644546
644557
644597
644623
644633
644666
644725
644728
644894
644955
645065
645108
645174
645238
645278
645279
645397
645572
645582
645619
645699
645931
645935
645965
646061
646098
646182
646206
646316
646369
646380
646426
646483
646573
646591
646945
647035
647060
647093
647261
647273
647336
647574
647648
647837
647921
647945
648089
648104
648142
648272
648273
648310
648322
648365
648409
648630
648653
648827
648843
649004
649148
649274
649416
649428
649489
649625
649681
649690
649785
649807
649845
649892
649918
650071
650476
650501
650504
650631
650693
650819
650984
650987
651118
651186
651242
651292
651437
651465
651541
651701
651788
651974
652072
652272
652321
652336
652352
652373
652466
652576
652686
652765
652831
652860
652947
653015
653121
653136
653330
653488
653603
653615
653623
653673
653761
653814
653823
653837
653885
653886
654034
654058
654136
654238
654253
654408
654470
654518
654526
654533
654587
654650
654712
654753
654807
654919
654938
654970
655088
655105
655241
655501
655579
655600
655674
655699
655758
655835
655842
655942
656219
656278
656476
656478
656520
656592
656620
656649
656791
656804
656812
656903
656958
656992
657059
657163
657252
657436
657502
657610
657618
657620
657629
657722
657745
657778
657812
657872
657901
657974
658001
658014
658114
658134
658160
658186
658223
658299
658417
658422
658626
658655
658880
658933
658946
659058
659189
659190
659223
659225
659442
659525
659571
659694
659699
659766
659929
660020
660098
660107
660113
660191
660433
660447
660496
660510
660598
660678
660739
660762
660786
660791
660956
660964
660970
660976
660990
661011
661051
661076
661094
661119
661142
661160
661191
661219
661221
661325
661327
661366
661599
661633
661744
661900
661917
661936
661986
662109
662110
662334
662445
662470
662526
662545
662575
662582
662612
662710
662722
662738
662772
662869
662870
663055
663082
663120
663121
663124
663156
663212
663351
663394
663514
663533
663601
663676
663697
663912
664076
664103
664112
664221
664428
664445
664570
664803
665012
665030
665046
665110
665261
665321
665376
665616
665621
665699
665702
665916
665966
665980
666016
666085
666142
666179
666202
666209
666223
666301
666326
666349
666361
666467
666668
666694
666726
666928
666953
667045
667095
667219
667564
667579
667585
667699
667720
667758
667828
667875
667911
667924
667950
668030
668044
668234
668403
668426
668528
668569
668613
668668
668722
668856
669080
669091
669169
669248
669254
669314
669573
669601
669627
669805
669909
669949
669984
670068
670179
670234
670249
670345
670576
670646
670705
670767
670778
670797
670861
670997
671100
671164
671166
671178
671229
671272
671332
671360
671447
671463
671522
671572
671652
671664
671679
671815
671859
671900
671944
672041
672084
672094
672177
672663
672787
672894
672902
672955
673018
673019
673053
673173
673324
673327
673497
673584
673781
673810
673880
674034
674052
674058
674068
674153
674161
674192
674266
674285
674408
674428
674518
674530
674559
674634
674685
674762
674769
674811
674838
674915
674949
675104
675135
675234
675300
675443
675535
675541
675680
675712
675774
675786
675801
675901
675938
675976
676075
676086
676142
676160
676167
676477
676486
676583
676604
676731
676781
676798
676841
676878
676889
676910
676978
677045
677076
677096
677259
677267
677307
677380
677428
677463
677587
677678
677730
677732
677755
677883
677996
678055
678107
678134
678177
678189
678196
678239
678286
678299
678522
678558
678746
678804
678896
678995
679019
679024
679131
679136
679512
679563
679601
679609
679628
679685
679792
679963
679965
680154
680227
680262
680263
680277
680313
680328
680354
680382
680413
680679
680700
680855
680860
680927
681122
681178
681184
681210
681233
681354
681401
681416
681435
681467
681491
681573
681579
681605
681854
681944
682035
682052
682059
682094
682119
682158
682254
682287
682294
682301
682530
682580
682583
682755
682823
682932
682958
682986
683007
683012
683057
683091
683143
683146
683203
683206
683209
683313
683333
683548
683571
683601
683617
683695
683709
683801
684038
684040
684257
684296
684298
684338
684372
684398
684401
684413
684502
684676
684744
684824
684857
685062
685117
685288
685508
685524
685850
685927
685934
685974
685980
686000
686062
686063
686080
686199
686378
686540
686684
686724
686905
687021
687076
687117
687138
687267
687663
687728
687741
687766
687881
687992
688092
688124
688245
688318
688342
688472
688560
688715
688801
688888
688924
688967
689140
689182
689219
689223
689231
689354
689429
689444
689499
689527
689720
689804
689831
689874
690009
690051
690135
690170
690323
690381
690434
690442
690451
690543
690778
690822
690942
691036
691074
691175
691281
691285
691289
691372
691487
691589
691634
691659
691682
691724
691738
691742
691772
691816
691878
691882
691914
692134
692164
692246
692252
692280
692295
692390
692412
692435
692650
692675
692942
692945
693059
693218
693234
693266
693269
693306
693328
693467
693469
693483
693654
693740
693753
693755
693800
693806
693832
693873
693875
694001
694059
694233
694361
694438
694490
694655
694713
694714
694743
694751
694760
694777
694797
694822
694830
694881
694883
694999
695015
695074
695206
695220
695257
695323
695380
695450
695453
695464
695495
695568
695848
695861
695896
695937
695942
695954
695995
696001
696182
696264
696342
696350
696352
696380
696419
696460
696493
696507
696679
696871
696990
697001
697073
697081
697140
697201
697262
697301
697382
697398
697417
697538
697600
697661
697873
697874
697927
698064
698319
698396
698493
698528
698615
698844
698852
698955
699038
699198
699251
699373
699376
699420
699449
699542
699748
699785
699806
699837
699967
700021
700095
700171
700173
700267
700313
700343
700394
700610
700772
700852
700883
700940
700958
701031
701103
701166
701281
701447
701500
701501
701504
701786
701806
701957
701963
702378
702574
702626
702633
702741
702765
702782
702817
702855
702914
703012
703061
703300
703395
703492
703540
703681
703703
703774
703820
703901
703928
703933
703974
703986
703988
704025
704117
704209
704232
704339
704353
704357
704465
704498
704619
704676
704689
704752
704777
704834
704848
704872
704884
704909
704975
705010
705130
705306
705345
705445
705454
705484
705499
705520
705526
705551
705609
705615
705675
705745
705774
705984
706035
706036
706090
706138
706169
706253
706496
706544
706637
706732
706736
706831
706938
706948
707030
707153
707163
707218
707277
707375
707381
707382
707434
707444
707456
707472
707481
707534
707589
707746
707763
707804
707871
708036
708079
708156
708165
708378
708396
708435
708480
708589
708624
708707
708849
708899
708923
708993
709027
709084
709093
709119
709126
709141
709159
709202
709232
709277
709379
709569
709620
709692
709791
709909
709952
709992
710049
710329
710578
710628
710645
710652
710866
711023
711094
711128
711207
711232
711262
711295
711300
711429
711538
711578
711628
711720
711732
711775
711830
711884
711895
711919
712058
712094
712100
712192
712273
712297
712392
712496
712629
712652
712678
712699
712766
712794
712838
712852
712875
712945
712999
713043
713063
713073
713075
713080
713097
713121
713267
713268
713274
713333
713363
713378
713438
713583
713612
713706
713718
713735
713794
713807
713812
713988
714076
714461
714590
714779
714805
715025
715100
715107
715245
715495
715503
715541
715764
715806
715863
715936
715989
716024
716038
716199
716201
716212
716230
716299
716338
716349
716353
716503
716504
716592
716666
716670
716677
716752
716778
716870
716936
717086
717118
717302
717412
717533
717629
717630
717717
717914
717952
718003
718024
718028
718067
718183
718224
718329
718420
718436
718615
718616
718633
718641
718723
718774
718784
718846
718870
718922
719192
719211
719261
719271
719284
719545
719606
719626
719669
719706
719710
719774
719874
720234
720291
720517
720556
720563
720568
720677
720758
720831
720878
720924
721055
721056
721064
721286
721422
721448
721501
721527
721567
721630
721785
721818
721891
721971
722012
722038
722083
722222
722257
722425
722445
722569
722717
722771
722834
722857
723014
723027
723113
723173
723183
723187
723192
723267
723307
723368
723410
723432
723450
723505
723544
723554
723657
723727
723753
723936
724030
724056
724192
724199
724211
724378
724405
724440
724467
724473
724508
724699
724808
724921
724932
724938
724940
724957
724996
725019
725213
725216
725225
725303
725415
725427
725502
725557
725668
725674
725715
725997
726251
726482
726538
726663
726773
726802
726942
727097
727098
727107
727117
727120
727137
727142
727152
727158
727222
727430
727518
727521
727528
727555
727622
727722
727819
727883
727926
728163
728182
728286
728367
728420
728459
728508
728552
728573
728646
728692
728806
728883
728911
728932
728971
729151
729239
729333
729414
729472
729631
729727
729790
729838
729990
730001
730054
730059
730105
730302
730430
730520
730552
730672
730781
730816
730841
730894
730923
731024
731037
731073
731167
731187
731259
731310
731380
731414
731438
731500
731761
731820
731831
731913
731925
731955
732054
732261
732350
732435
732468
732623
732646
732658
732783
732973
733049
733083
733094
733363
733412
733487
733548
733646
733693
733772
733881
733981
734046
734160
734220
734235
734263
734342
734447
734565
734571
734592
734616
734630
734639
734744
734795
734945
734949
735041
735116
735154
735163
735214
735411
735416
735421
735464
735465
735638
735645
735770
735911
735914
736009
736039
736126
736154
736197
736258
736301
736336
736346
736379
736409
736414
736553
736570
736672
736728
736760
736812
736817
736848
736941
736964
736986
737077
737107
737112
737158
737251
737339
737421
737734
737742
737784
737817
737856
737980
737985
738037
738119
738172
738378
738469
738524
738617
738733
738884
738988
738993
739026
739224
739275
739283
739375
739759
740107
740120
740168
740410
740439
740452
740485
740552
740649
740669
740825
740827
740829
741018
741065
741080
741221
741276
741294
741352
741522
741558
741583
741651
741661
741703
741706
741713
741784
741872
741967
742033
742080
742183
742189
742199
742213
742252
742275
742297
742396
742419
742484
742609
742652
742691
742709
742737
743034
743045
743055
743260
743275
743279
743425
743687
743728
743792
743863
743893
743951
744049
744085
744169
744171
744257
744412
744433
744611
744828
744920
744944
744976
745018
745034
745053
745092
745131
745226
745246
745267
745403
745562
745563
745621
745679
745765
745798
745906
745962
746175
746243
746273
746285
746354
746389
746397
746427
746462
746485
746487
746508
746680
746697
746723
746725
746739
746829
746852
746865
746866
746893
746921
746946
747019
747246
747270
747333
747389
747604
747619
747667
747708
747736
747792
747948
748049
748087
748183
748261
748290
748334
748494
748500
748573
748574
748607
748660
748669
748670
748677
748698
749048
749068
749101
749168
749172
749501
749535
749544
749566
749578
749880
749895
749949
750039
750059
750070
750085
750300
750319
750404
750466
750468
750553
750593
750633
750641
750738
750757
750869
750874
750896
751108
751321
751347
751360
751477
751637
751826
751855
751927
751935
752055
752058
752076
752147
752266
752340
752412
752501
752548
752594
752642
752659
752665
752688
752818
752902
752903
752950
753131
753167
753534
753549
753622
753629
753666
753667
753668
753677
753826
753885
753988
754008
754069
754074
754126
754199
754265
754390
754601
754742
754767
754775
754809
754820
755059
755177
755432
755445
755576
755577
755610
755694
755751
755919
755936
755966
756002
756088
756197
756240
756338
756388
756453
756490
756746
757286
757385
757421
757524
757553
757555
757570
757642
757879
758034
758056
758177
758195
758205
758321
758322
758360
758362
758453
758454
758508
758575
758716
758775
758782
758834
758841
758910
759038
759126
759150
759263
759291
759323
759439
759721
759812
759835
759850
760043
760139
760344
760549
760647
760693
760700
760761
760820
760845
760877
760909
760954
761014
761022
761090
761216
761274
761325
761343
761367
761410
761440
761566
761864
761878
761926
761951
761980
761993
762016
762033
762050
762191
762278
762318
762374
762404
762570
762724
762782
762811
762850
762858
762873
763080
763134
763154
763215
763226
763329
763374
763439
763889
763945
763996
764004
764048
764075
764102
764106
764120
764136
764216
764299
764551
764615
764638
764707
764708
764715
764717
764720
764763
764764
764781
764872
765008
765106
765168
765224
765310
765321
765428
765446
765448
765476
765541
765757
765784
765941
766056
766135
766240
766329
766372
766415
766450
766647
766697
766724
766790
766856
766960
767058
767085
767158
767194
767270
767299
767362
767379
767393
767424
767497
768127
768223
768247
768298
768366
768374
768417
768541
768557
768569
768594
768671
768713
768738
768824
768907
768912
768917
768965
768986
769001
769010
769093
769118
769187
769248
769283
769336
769762
769813
769895
770072
770151
770224
770246
770352
770366
770507
770582
770610
770622
770693
770822
770825
770837
770923
770952
771060
771117
771231
771259
771351
771410
771460
771557
771686
771782
771793
771827
772267
772544
772557
772895
773015
773016
773018
773080
773104
773116
773137
773156
773194
773198
773270
773370
773390
773658
773719
773771
773794
773845
773846
774101
774184
774186
774213
774352
774381
774402
774429
774542
774557
774599
774649
774661
774771
774898
774952
774988
774989
775004
775033
775157
775245
775279
775373
775459
775471
775516
775650
775656
775769
775771
775944
775974
776070
776136
776153
776171
776182
776228
776292
776357
776411
776501
776597
776614
776624
776789
776817
776840
777034
777099
777222
777286
777290
777376
777395
777498
777508
777527
777582
777601
777654
777746
777803
777807
777906
777941
778014
778026
778096
778262
778318
778368
778372
778565
778618
778668
779018
779027
779049
779102
779159
779196
779277
779325
779340
779424
779538
779588
779590
779606
779643
779682
779902
780174
780178
780215
780266
780338
780578
780604
780711
780923
780988
781011
781055
781131
781132
781136
781162
781231
781312
781456
781630
781674
781743
781810
781880
781969
782117
782134
782318
782413
782416
782517
782557
782639
782734
782777
782897
782898
783078
783339
783732
783862
783968
783997
784174
784646
784703
784826
784843
784901
785007
785100
785166
785171
785260
785304
785305
785355
785499
785511
785527
785628
785686
785688
785793
785847
785875
785934
785939
786048
786097
786123
786169
786244
786287
786451
786465
786470
786554
786559
786687
786746
786767
786796
786884
786890
786907
786909
786920
786989
787064
787090
787232
787243
787319
787341
787353
787550
787594
787654
787768
787806
787833
787844
787898
787948
788051
788298
788319
788472
788673
788765
788848
788976
789166
789310
789389
789394
789576
789611
789620
789710
789712
789738
789828
789879
789946
790038
790050
790084
790117
790132
790353
790446
790473
790614
790628
790630
790824
790825
790864
790964
791095
791191
791229
791421
791578
791644
791666
791700
791907
791976
792043
792288
792313
792373
792650
792962
792985
793084
793196
793203
793316
793380
793455
793628
793657
793772
793801
793900
793940
793960
794059
794242
794283
794345
794499
794524
794646
794664
794692
794944
795149
795332
795341
795358
795365
795385
795404
795410
795517
795518
795536
795693
795959
796043
796054
796088
796105
796106
796138
796186
796279
796286
796357
796389
796541
796672
796718
796774
796889
796992
796999
797063
797093
797105
797109
797191
797205
797254
797259
797339
797465
797592
797611
797726
797738
797765
797853
798095
798335
798402
798421
798431
798449
798459
798463
798619
798641
798683
798775
798838
798923
798982
799016
799137
799163
799192
799243
799326
799461
799472
799598
799609
799610
799616
799712
799763
799764
799790
799848
799923
799992
800001
800055
800119
800310
800362
800379
800382
800412
800477
800493
800593
800665
800689
800693
800726
800794
800857
800895
800904
801039
801170
801249
801349
801425
801477
801478
801504
801508
801682
801766
801776
801926
802185
802386
802430
802455
802581
802658
802675
802801
802844
802937
803115
803173
803175
803190
803321
803329
803334
803341
803460
803497
803749
803808
803847
803891
804089
804290
804435
804439
804471
804571
804584
804657
804671
804710
804719
804812
804875
805002
805099
805144
805206
805259
805323
805484
805498
805529
805625
805662
805670
805689
805697
805821
805879
805897
805904
805946
805968
806039
806043
806091
806198
806290
806454
806487
806500
806534
806664
806694
806779
806791
806892
806948
807199
807202
807365
807383
807392
807542
807544
807579
807734
807891
807954
808327
808503
808505
808763
808768
808786
808827
808869
808878
808978
809325
809434
809436
809485
809537
809816
810005
810016
810080
810198
810302
810353
810400
810453
810458
810494
810621
810846
810870
810950
810997
811343
811505
811540
811788
811811
811840
811849
811888
811902
812264
812376
812451
812465
812552
812553
812673
812680
812720
812739
813001
813061
813228
813334
813343
813392
813687
813998
814089
814151
814211
814379
814398
814496
814701
814711
814841
814888
814969
815287
815404
815514
815569
815688
815917
815987
816066
816255
816437
816452
816531
816675
816797
816803
816923
817034
817042
817050
817072
817093
817219
817228
817246
817252
817393
817401
817558
817624
817627
817634
817713
817716
817720
817790
817804
817827
817856
817871
817884
818089
818192
818280
818529
818542
818569
818637
818707
818711
818732
818747
818792
818809
818816
819053
819165
819263
819317
819381
819424
819466
819473
819524
819567
819632
819776
819795
819845
819859
819890
819944
819993
820025
820097
820146
820155
820257
820258
820503
820514
820548
820802
820833
820919
820980
820991
821110
821136
821185
821308
821351
821384
821408
821415
821431
821482
821717
821728
821766
821771
821786
821866
821921
821953
822114
822151
822373
822435
822460
822555
822739
822794
822826
822850
822875
822900
822985
823035
823137
823162
823241
823328
823419
823522
823559
823619
823802
823811
823833
823847
823872
824126
824236
824259
824352
824458
824619
824620
824735
824784
825131
825149
825280
825523
825712
825798
825836
825838
825854
825955
825988
826075
826243
826469
826584
826680
826684
826691
826724
826891
827038
827051
827103
827190
827282
827314
827349
827410
827418
827421
827455
827484
827512
827599
827714
827773
827842
827906
827969
828064
828105
828340
828361
828539
828557
828602
828676
828678
828899
829157
829256
829303
829360
829571
829629
829740
829821
830070
830110
830182
830244
830292
830550
830605
830744
830777
830802
830916
830923
831120
831131
831135
831173
831290
831442
831443
831453
831566
831599
831641
831707
831857
832154
832396
832452
832539
832550
832575
832603
832840
832952
832965
832989
833108
833224
833321
833554
833666
833672
833679
833698
833718
833767
833822
833896
834032
834061
834106
834271
834314
834327
834339
834351
834447
834493
834533
834537
834693
834736
834752
834779
834879
834946
835112
835211
835246
835249
835283
835301
835309
835361
835370
835433
835442
835482
835486
835521
835616
835696
835719
835736
835737
835744
835749
835840
835900
835990
835999
836190
836198
836280
836284
836330
836400
836430
836541
836568
836634
836658
836812
836896
836910
837043
837225
837269
837377
837399
837409
837416
837473
837519
837885
838010
838029
838105
838322
838406
838571
838643
838777
838785
838895
838961
839034
839084
839104
839107
839317
839325
839405
839518
839586
839736
839833
839860
839941
840049
840115
840142
840157
840279
840309
840346
840387
840563
840597
840612
840639
840707
840709
840715
840718
840798
840851
840932
840964
840969
841011
841112
841197
841257
841310
841366
841483
841588
841710
841754
841938
841952
841970
841973
841984
842158
842366
842461
842519
842557
842564
842604
842698
842715
842838
842902
842972
842987
843024
843035
843039
843050
843053
843079
843112
843163
843268
843391
843406
843539
843551
843577
843819
843835
844087
844106
844303
844348
844507
844525
844613
844631
844734
844756
845036
845105
845131
845282
845757
845838
846086
846088
846119
846169
846225
846232
846266
846367
846396
846519
846563
846688
846710
846743
846776
846826
846849
846906
846915
847016
847051
847067
847158
847247
847288
847303
847315
847453
847474
847555
847559
847632
847712
847724
847978
848027
848029
848164
848345
848353
848418
848471
848546
848565
848815
849150
849271
849283
849323
849470
849489
849517
849560
849572
849616
849645
849663
849806
849814
849866
850068
850129
850234
850235
850242
850318
850559
850687
850811
850940
851197
851276
851518
851776
851808
851818
851882
852038
852240
852390
852425
852430
852431
852582
852609
852727
852944
853126
853196
853217
853268
853325
853407
853409
853604
853630
853689
853705
853725
853735
853785
853790
853981
854022
854346
854391
854482
854490
854616
854818
854833
854851
854865
854932
854991
855107
855150
855347
855451
855504
855515
855553
855632
855674
855869
855878
855898
855905
855906
856107
856321
856329
856370
856509
856535
856577
856590
856607
856633
856721
856810
856816
856960
856982
856983
857011
857104
857167
857220
857246
857279
857363
857412
857432
857482
857485
857503
857525
857538
857814
857891
857893
858010
858050
858264
858335
858414
858520
858671
858746
858785
858842
858861
858934
858941
859109
859440
859464
859498
859583
859662
859771
859786
859833
859835
859869
859954
860029
860035
860117
860239
860263
860436
860502
860534
860540
860966
860993
861013
861051
861167
861233
861449
861500
861519
861531
861535
861601
861634
861761
861789
861815
861913
862153
862259
862293
862351
862380
862398
862411
862586
862596
862651
862670
862672
862742
862763
862860
862916
862924
863084
863117
863176
863379
863560
863646
863650
863710
863772
863922
864038
864253
864281
864301
864324
864371
864386
864415
864512
864667
864674
864727
864810
864861
864886
864919
864967
865022
865029
865120
865133
865160
865317
865490
865499
865531
865584
865639
865805
865945
866035
866050
866092
866095
866194
866302
866378
866504
866545
866623
866665
866728
866777
866800
866816
866899
866937
866986
867033
867046
867159
867236
867277
867457
867943
868054
868065
868076
868142
868155
868509
868553
868574
868615
868713
868764
868959
868973
869032
869097
869115
869155
869256
869321
869390
869419
869536
869553
869562
869633
869640
869752
869877
869947
870065
870188
870213
870220
870384
870631
870737
870844
870859
870878
870936
870957
870973
870982
871017
871116
871150
871155
871306
871370
871463
871633
871638
871646
871692
871839
871842
871917
872002
872016
872054
872242
872311
872438
872515
872647
872667
872709
872814
872845
872860
873148
873200
873320
873453
873584
873647
873678
873875
874001
874154
874184
874302
874356
874411
874440
874520
874717
874720
874740
874766
874882
874960
875119
875177
875230
875258
875294
875379
875402
875417
875429
875484
875571
875590
875596
875614
875640
875725
875793
875972
876030
876124
876175
876226
876282
876482
876535
876559
876571
876584
876593
876684
876694
876777
876856
876899
876931
877130
877321
877366
877411
877420
877481
877540
877544
877546
877707
877861
877925
878037
878044
878215
878324
878352
878471
878521
878542
878662
878668
878777
878786
878799
878819
878871
878883
878924
879053
879148
879298
879316
879352
879459
879479
879510
879552
879585
879680
879909
879987
880064
880301
880397
880489
880535
880600
880767
880825
880926
880963
881084
881148
881204
881254
881291
881337
881339
881382
881390
881421
881450
881459
881499
881505
881507
881519
881581
881784
881842
881858
881953
882040
882050
882134
882173
882216
882307
882310
882353
882563
882638
882674
882690
882720
882774
882775
882811
882830
882835
882883
882899
882916
882967
882995
883146
883171
883207
883225
883230
883302
883374
883418
883420
883496
883567
883586
883602
883623
883773
883793
883858
884133
884135
884147
884265
884369
884418
884459
884549
884569
884622
884629
884990
885007
885129
885279
885282
885295
885394
885400
885535
885610
885632
885641
885676
885731
885924
885957
886015
886092
886144
886184
886357
886521
886583
886666
886692
886765
886964
887159
887254
887280
887319
887324
887371
887393
887436
887438
887525
887535
887545
887585
887653
887655
887670
887831
887842
887970
888029
888062
888083
888221
888373
888422
888568
888669
888671
888723
888780
888845
888849
888929
888956
889117
889121
889203
889208
889225
889276
889279
889305
889432
889455
889522
889645
889797
889861
889972
890092
890252
890272
890424
890485
890529
890613
890640
890642
890706
890946
890962
891007
891035
891055
891113
891148
891225
891307
891375
891396
891444
891529
891538
891552
891579
891631
891663
891707
891733
891746
891785
891786
891789
891918
891929
891960
892037
892039
892329
892364
892630
892708
892754
892941
892943
893095
893233
893244
893267
893325
893362
893435
893565
893696
893880
893902
893960
894107
894208
894277
894316
894386
894405
894537
894552
894578
894685
894728
894794
894813
894899
894958
894986
894999
895008
895027
895064
895146
895159
895315
895334
895335
895396
895449
895692
896009
896022
896183
896319
896334
896425
896586
896678
896777
896879
896951
896967
896999
897114
897124
897188
897317
897343
897458
897527
897533
897578
897581
897744
897748
897832
897841
897908
898144
898248
898259
898416
898628
898649
898883
898942
898958
898990
899034
899094
899100
899207
899258
899378
899380
899485
899514
899553
899596
899654
899746
899765
899780
900008
900090
900109
900138
900147
900238
900316
900508
900537
900540
900551
900665
900692
900827
900862
900864
901051
901292
901375
901402
901428
901555
901763
902346
902449
902638
902666
902717
902789
902957
902961
902968
903074
903094
903262
903350
903376
903585
903632
903690
903743
903782
903814
903867
903911
903998
904080
904238
904336
904397
904540
904628
904673
904800
904987
905064
905091
905121
905433
905445
905547
905571
905603
905719
905735
905743
905757
905919
906012
906081
906089
906103
906220
906391
906539
906609
906673
906782
906979
907010
907029
907088
907136
907173
907220
907328
907338
907375
907376
907489
907506
907539
907550
907560
907694
907701
907754
907904
907945
907985
908090
908118
908176
908232
908263
908352
908382
908384
908503
908541
908563
908564
908607
908770
908802
908914
909008
909018
909237
909271
909305
909345
909486
909559
909593
909658
909747
909758
909788
909857
909875
909934
910051
910077
910140
910310
910453
910582
910664
910717
910746
910866
910880
910897
910983
911313
911382
911618
911650
911674
911800
911825
911827
911865
911938
911941
912012
912046
912054
912095
912202
912221
912318
912406
912430
912547
912555
912567
912667
912723
912746
912839
912903
913163
913250
913299
913489
913522
913563
913623
913680
913737
913788
913807
913809
913869
914111
914122
914138
914165
914210
914257
914269
914330
914368
914441
914492
914550
914567
914675
914841
914893
914904
914966
915050
915051
915355
915380
915546
915639
915696
915791
915832
915886
916010
916065
916196
916205
916257
916497
916715
916733
916745
916763
916831
916890
916901
916908
916920
916924
916947
916974
916990
917033
917081
917334
917484
917540
917561
917589
917593
917614
917631
917641
917702
917714
917781
917791
917977
917999
918012
918105
918213
918228
918240
918418
918455
918555
918615
918617
918668
918812
918863
918965
918994
919013
919164
919224
919270
919413
919463
919496
919751
919857
919916
919937
920122
920131
920211
920239
920281
920402
920478
920568
920818
920832
920921
920978
921023
921043
921045
921112
921174
921204
921258
921414
921471
921497
921501
921536
921537
921599
921626
921651
921664
921717
921782
921981
922070
922094
922143
922379
922432
922458
922689
922696
922849
922961
922965
922973
922989
922998
923008
923030
923066
923175
923196
923197
923225
923307
923409
923438
923477
923485
923615
923637
923673
923678
923955
923956
923984
924049
924054
924196
924259
924265
924284
924335
924345
924382
924383
924451
924496
924589
924663
924747
924768
924787
924833
924836
924844
924874
924956
925207
925332
925494
925500
925530
925533
925725
925962
926121
926151
926229
926417
926562
926668
926699
926739
926803
926804
926807
926818
926865
926875
926904
926941
926948
926953
927012
927125
927138
927180
927187
927267
927288
927325
927408
927547
927561
927621
927658
927830
927869
927914
928006
928044
928067
928199
928283
928316
928339
928356
928400
928579
928642
928662
928764
928786
928815
928825
928841
929007
929108
929141
929215
929255
929270
929314
929343
929379
929557
929820
929859
929867
929960
930015
930099
930384
930559
930594
930704
930728
930756
930830
930844
930845
930899
930912
930946
930963
931091
931134
931141
931150
931157
931264
931305
931354
931434
931468
931529
931700
931923
932006
932017
932046
932205
932382
932455
932497
932729
932781
932798
933085
933217
933331
933360
933436
933439
933534
933616
933679
933744
933752
933779
933813
933816
933967
934514
934628
934642
934705
934902
934943
935027
935038
935064
935257
935435
935441
935555
935651
935673
935738
935777
935786
935823
935826
935834
935851
935970
935977
935979
936025
936077
936165
936291
936332
936341
936367
936517
936523
936546
936622
936641
936666
936756
936784
936874
937022
937065
937101
937280
937332
937492
937587
937600
937609
937650
937738
937786
937796
937841
937929
938042
938114
938233
938252
938313
938415
938552
938821
938914
939152
939159
939335
939497
939520
939527
939709
939812
939922
939988
940046
940198
940205
940270
940286
940339
940413
940477
940574
940616
940621
940622
940649
940750
940767
940893
940998
941035
941055
941179
941199
941214
941223
941385
941519
941538
941684
941778
941810
941873
941875
941878
941940
941944
941968
942025
942033
942130
942137
942147
942163
942180
942284
942595
942717
942723
942840
942858
942880
942944
942950
943007
943144
943152
943174
943299
943493
943509
943690
943836
943864
943883
943946
943948
943963
944139
944158
944577
944666
944705
944718
944857
944979
945055
945105
945106
945114
945144
945181
945187
945466
945565
945590
945615
945658
945830
945834
945910
946000
946142
946159
946231
946293
946305
946380
946441
946469
946514
946595
946601
946723
946847
946849
946878
947027
947060
947089
947201
947221
947249
947263
947356
947448
947471
947478
947549
947598
947604
947726
947781
947865
947894
947948
948044
948115
948164
948169
948201
948443
948475
948492
948542
948576
948583
948614
948615
948674
948675
948844
948982
949028
949223
949294
949295
949343
949401
949426
949516
949570
949702
949846
949870
949905
949954
950004
950011
950072
950117
950140
950157
950170
950231
950365
950385
950413
950502
950531
950572
950619
950665
950764
950846
950962
950987
951042
951044
951129
951223
951419
951468
951485
951568
951981
952178
952315
952472
952584
952709
952735
952752
952948
953020
953195
953253
953273
953294
953341
953368
953429
953480
953580
953651
953783
953929
954024
954150
954316
954421
954432
954494
954523
954525
954578
954674
954684
954692
954733
954735
954840
954855
955027
955042
955112
955151
955264
955338
955396
955403
955423
955585
955808
955846
955870
955915
955937
955961
955987
956070
956133
956156
956172
956187
956199
956316
956431
956460
956470
956546
956555
956593
956679
956681
956817
956828
956894
956899
956902
956907
956909
956967
957110
957262
957314
957382
957385
957388
957417
957449
957593
957769
957871
957898
957902
958000
958232
958261
958285
958350
958381
958382
958391
958517
958535
958557
958639
958663
958682
958702
958884
958926
958935
958944
959000
959004
959035
959137
959230
959250
959304
959322
959339
959418
959467
959654
959734
959795
959835
959888
960077
960079
960081
960181
960358
960407
960488
960500
960547
960681
960737
960861
960934
960948
960986
960999
961065
961100
961370
961416
961439
961448
961621
961634
961745
961750
961769
961802
961884
961899
961934
961957
962067
962070
962075
962119
962314
962727
962859
962888
962893
962964
963023
963030
963049
963079
963116
963240
963303
963414
963496
963503
963534
963778
963793
963904
964000
964042
964135
964137
964332
964463
964550
964578
964593
964699
964746
964796
964987
965004
965080
965163
965197
965260
965271
965356
965385
965464
965471
965550
965567
965627
965640
965698
965718
965812
965835
965875
965938
965995
966181
966245
966259
966295
966448
966548
966559
966573
966830
966834
966877
966927
967082
967114
967251
967273
967399
967420
967439
967480
967558
967694
967820
967827
967835
967927
967957
967978
968096
968137
968293
968538
968613
968622
968640
968709
968929
968938
968997
968999
969007
969058
969088
969196
969205
969551
969628
969812
969875
969913
970035
970108
970119
970127
970191
970199
970304
970353
970442
970448
970460
970484
970696
970719
970793
970799
970801
971022
971089
971143
971323
971375
971382
971416
971426
971614
971641
971700
972028
972052
972135
972208
972210
972247
972340
972348
972351
972386
972424
972458
972463
972557
972575
972592
972602
972683
972840
972918
972968
973085
973160
973243
973287
973303
973477
973506
973561
973573
973689
973727
973848
973961
973975
974226
974249
974254
974255
974336
974419
974434
974638
974808
974927
974949
975051
975069
975144
975270
975438
975452
975494
975594
975652
975676
975698
975715
975730
975792
975820
976174
976286
976325
976394
976408
976416
976664
976767
976804
976859
977056
977110
977180
977237
977320
977387
977460
977481
977607
977687
977690
977810
977827
977976
977983
978006
978009
978090
978199
978453
978493
978563
978610
978623
978719
978739
978740
978765
978780
979221
979308
979313
979347
979499
979519
979561
979566
979660
979746
979758
979852
980099
980272
980344
980349
980365
980368
980498
980506
980574
980735
980829
981054
981114
981159
981176
981181
981357
981400
981426
981528
981671
981692
981810
981850
981891
981967
982067
982170
982448
982456
982488
982534
982583
982653
982701
982741
982890
982944
982976
983268
983333
983400
983445
983454
983478
983480
983564
983582
983590
983686
983756
984053
984106
984152
984171
984272
984302
984303
984304
984324
984330
984403
984418
984461
984613
984646
984793
984923
984951
985021
985178
985319
985330
985356
985521
985635
985643
985755
985805
985861
985887
986048
986134
986138
986185
986306
986342
986348
986681
986763
986898
986934
986997
986999
987006
987041
987066
987152
987157
987348
987470
987509
987558
987568
987635
987748
987782
987811
987819
987896
987968
988293
988379
988386
988433
988534
988591
988612
989037
989047
989124
989258
989267
989364
989432
989507
989527
989530
989532
989576
989594
989618
989673
989825
989973
990014
990057
990113
990168
990221
990258
990290
990426
990452
990457
990462
990531
990537
990610
990625
990634
990736
990873
990896
990938
990956
991044
991102
991123
991146
991187
991244
991296
991306
991361
991379
991398
991566
991597
991632
991659
991720
991739
991742
991771
991830
991983
992114
992144
992200
992294
992368
992369
992441
992529
992531
992566
992656
992668
992694
992709
992853
992876
992931
993051
993173
993196
993279
993311
993395
993688
993694
993720
993808
993865
994115
994124
994380
994383
994443
994481
994502
994520
994586
994617
994809
994855
994987
995008
995057
995070
995073
995150
995181
995264
995339
995342
995400
995423
995429
995560
995768
995771
995812
995820
995866
995899
995949
995974
996134
996216
996513
996554
996712
996836
996943
997041
997123
997130
997174
997205
997251
997286
997425
997496
997526
997567
997691
997709
997751
997800
997830
997873
998063
998144
998211
998450
998496
998532
998535
998601
998627
998754
998823
998856
998916
999151
999221
999317
999338
999339
999387
999402
999473
999549
999644
999728
999737
999747
999833
999842
999851
999901
999970
